20.0
2MU133 -25.58 -87.13 0.468 -0.9
0WI913 -59.300000000000004 72.96 -0.811 -0.958
6UP738 1.4300000000000002 -64.77 -0.077 0.074
1IA244 59.63999999999999 -91.67999999999999 -0.665 -0.283
8RT773 -44.83357337214005 9.999140872171669 0.9284097140135278 0.6635426606052246
0HV350 -58.12642662785994 6.740859127828332 -0.7654097140135279 -0.9055426606052246
0DU118 -68.87 38.09 0.661 -0.343
4FA522 -3.519999999999999 52.519999999999996 0.734 -0.99
1WR684 21.53 54.769999999999996 -0.509 -0.706
7SW673 52.269999999999996 42.44 0.549 -0.012
60.0
2MU133 -6.859999999999996 -123.13 0.468 -0.9
0WI913 -91.74000000000001 34.64 -0.811 -0.958
6UP738 -1.6500000000000001 -61.809999999999995 -0.077 0.074
1IA244 33.03999999999999 -102.99999999999999 -0.665 -0.283
8RT773 -7.697184811598937 36.540847296380655 0.9284097140135278 0.6635426606052246
0HV350 -88.74281518840107 -29.480847296380652 -0.7654097140135279 -0.9055426606052246
0DU118 -42.43 24.370000000000005 0.661 -0.343
4FA522 9.328100077593954 -0.04792294473865866 0.1031531014274254 -1.4854471628982862
1WR684 17.681899922406046 39.49792294473865 0.12184689857257458 -0.2105528371017139
7SW673 74.23 41.96 0.549 -0.012
